WiFi Bandwidth Data CPU Processing
1000 1500 1000 1000 0
1000 2500 1500 10000 0
1000 3500 1800 20000 10000
1000 1500 3000 1000 0
1000 3500 3500 10000 0
1000 2500 3800 20000 0
1000 2500 5000 1000 0
1000 1500 5500 10000 0
1000 3500 5800 20000 0
1000 5500 1000 1000 0
1000 6500 1500 10000 0
1000 6500 1800 20000 10000
1000 5500 3000 1000 0
1000 5500 3500 10000 0
1000 6500 3800 20000 0
1000 5500 5000 1000 0
1000 5500 5500 10000 0
1000 6500 5800 20000 0
1000 10500 1000 1000 0
1000 9500 1500 10000 10000
1000 9500 1800 20000 10000
1000 8500 3000 1000 0
1000 10500 3500 10000 10000
1000 8500 3800 20000 10000
1000 10500 5000 1000 0
1000 9500 5500 10000 10000
1000 9500 5800 20000 10000
0 1500 1000 1000 0
0 2500 1500 10000 0
0 3500 1800 20000 20000
0 1500 3000 1000 0
0 3500 3500 10000 0
0 2500 3800 20000 0
0 2500 5000 1000 0
0 1500 5500 10000 0
0 3500 5800 20000 0
0 5500 1000 1000 0
0 6500 1500 10000 0
0 6500 1800 20000 20000
0 5500 3000 1000 0
0 5500 3500 10000 0
0 6500 3800 20000 0
0 5500 5000 1000 0
0 5500 5500 10000 0
0 6500 5800 20000 0
0 10500 1000 1000 0
0 9500 1500 10000 20000
0 9500 1800 20000 20000
0 8500 3000 1000 0
0 10500 3500 10000 20000
0 8500 3800 20000 20000
0 10500 5000 1000 0
0 9500 5500 10000 20000
0 9500 5800 20000 20000

